2025/09/15-21:33:21.092799 692c RocksDB version: 9.6.1
2025/09/15-21:33:21.093024 692c Git sha 13d5230e5da650cf93e6dccb389c82d316d355c6
2025/09/15-21:33:21.093646 692c Compile date 2024-09-11 10:08:51
2025/09/15-21:33:21.093720 692c DB SUMMARY
2025/09/15-21:33:21.093763 692c Host name (Env):  LAPTOP-H7TICIPP
2025/09/15-21:33:21.093796 692c DB Session ID:  8BFDBD6T9XZWX0J9O17R
2025/09/15-21:33:21.098954 692c CURRENT file:  CURRENT
2025/09/15-21:33:21.099071 692c IDENTITY file:  IDENTITY
2025/09/15-21:33:21.099336 692c MANIFEST file:  MANIFEST-000078 size: 1413 Bytes
2025/09/15-21:33:21.099408 692c SST files in .\data\chain dir, Total Num: 9, files: 000008.sst 000009.sst 000010.sst 000019.sst 000020.sst 000021.sst 000026.sst 000027.sst 000028.sst 
2025/09/15-21:33:21.100094 692c Write Ahead Log file in .\data\chain: 000077.log size: 0 ; 
2025/09/15-21:33:21.100139 692c                         Options.error_if_exists: 0
2025/09/15-21:33:21.100153 692c                       Options.create_if_missing: 1
2025/09/15-21:33:21.100164 692c                         Options.paranoid_checks: 1
2025/09/15-21:33:21.100176 692c             Options.flush_verify_memtable_count: 1
2025/09/15-21:33:21.100187 692c          Options.compaction_verify_record_count: 1
2025/09/15-21:33:21.100199 692c                               Options.track_and_verify_wals_in_manifest: 0
2025/09/15-21:33:21.100210 692c        Options.verify_sst_unique_id_in_manifest: 1
2025/09/15-21:33:21.100222 692c                                     Options.env: 0000028EF4385E30
2025/09/15-21:33:21.100235 692c                                      Options.fs: WinFS
2025/09/15-21:33:21.100247 692c                                Options.info_log: 0000028EF45DE6B0
2025/09/15-21:33:21.100260 692c                Options.max_file_opening_threads: 16
2025/09/15-21:33:21.100272 692c                              Options.statistics: 0000000000000000
2025/09/15-21:33:21.100284 692c                               Options.use_fsync: 0
2025/09/15-21:33:21.100296 692c                       Options.max_log_file_size: 0
2025/09/15-21:33:21.100324 692c                  Options.max_manifest_file_size: 1073741824
2025/09/15-21:33:21.100336 692c                   Options.log_file_time_to_roll: 0
2025/09/15-21:33:21.100348 692c                       Options.keep_log_file_num: 1000
2025/09/15-21:33:21.100360 692c                    Options.recycle_log_file_num: 0
2025/09/15-21:33:21.100372 692c                         Options.allow_fallocate: 1
2025/09/15-21:33:21.100384 692c                        Options.allow_mmap_reads: 0
2025/09/15-21:33:21.100396 692c                       Options.allow_mmap_writes: 0
2025/09/15-21:33:21.100408 692c                        Options.use_direct_reads: 0
2025/09/15-21:33:21.100420 692c                        Options.use_direct_io_for_flush_and_compaction: 0
2025/09/15-21:33:21.100432 692c          Options.create_missing_column_families: 1
2025/09/15-21:33:21.100444 692c                              Options.db_log_dir: 
2025/09/15-21:33:21.100455 692c                                 Options.wal_dir: 
2025/09/15-21:33:21.100467 692c                Options.table_cache_numshardbits: 6
2025/09/15-21:33:21.100479 692c                         Options.WAL_ttl_seconds: 0
2025/09/15-21:33:21.100490 692c                       Options.WAL_size_limit_MB: 0
2025/09/15-21:33:21.100502 692c                        Options.max_write_batch_group_size_bytes: 1048576
2025/09/15-21:33:21.100514 692c             Options.manifest_preallocation_size: 4194304
2025/09/15-21:33:21.100527 692c                     Options.is_fd_close_on_exec: 1
2025/09/15-21:33:21.100540 692c                   Options.advise_random_on_open: 1
2025/09/15-21:33:21.100552 692c                    Options.db_write_buffer_size: 0
2025/09/15-21:33:21.100565 692c                    Options.write_buffer_manager: 0000028EF4384A80
2025/09/15-21:33:21.100579 692c           Options.random_access_max_buffer_size: 1048576
2025/09/15-21:33:21.100592 692c                      Options.use_adaptive_mutex: 0
2025/09/15-21:33:21.100604 692c                            Options.rate_limiter: 0000000000000000
2025/09/15-21:33:21.100707 692c     Options.sst_file_manager.rate_bytes_per_sec: 0
2025/09/15-21:33:21.100728 692c                       Options.wal_recovery_mode: 2
2025/09/15-21:33:21.100741 692c                  Options.enable_thread_tracking: 0
2025/09/15-21:33:21.100754 692c                  Options.enable_pipelined_write: 0
2025/09/15-21:33:21.100771 692c                  Options.unordered_write: 0
2025/09/15-21:33:21.100785 692c         Options.allow_concurrent_memtable_write: 1
2025/09/15-21:33:21.100798 692c      Options.enable_write_thread_adaptive_yield: 1
2025/09/15-21:33:21.100810 692c             Options.write_thread_max_yield_usec: 100
2025/09/15-21:33:21.100823 692c            Options.write_thread_slow_yield_usec: 3
2025/09/15-21:33:21.100836 692c                               Options.row_cache: None
2025/09/15-21:33:21.100849 692c                              Options.wal_filter: None
2025/09/15-21:33:21.100862 692c             Options.avoid_flush_during_recovery: 0
2025/09/15-21:33:21.100875 692c             Options.allow_ingest_behind: 0
2025/09/15-21:33:21.100887 692c             Options.two_write_queues: 0
2025/09/15-21:33:21.100900 692c             Options.manual_wal_flush: 0
2025/09/15-21:33:21.100912 692c             Options.wal_compression: 0
2025/09/15-21:33:21.100924 692c             Options.background_close_inactive_wals: 0
2025/09/15-21:33:21.100936 692c             Options.atomic_flush: 0
2025/09/15-21:33:21.100949 692c             Options.avoid_unnecessary_blocking_io: 0
2025/09/15-21:33:21.100961 692c                 Options.persist_stats_to_disk: 0
2025/09/15-21:33:21.100979 692c                 Options.write_dbid_to_manifest: 0
2025/09/15-21:33:21.100992 692c                 Options.log_readahead_size: 0
2025/09/15-21:33:21.101005 692c                 Options.file_checksum_gen_factory: Unknown
2025/09/15-21:33:21.101018 692c                 Options.best_efforts_recovery: 0
2025/09/15-21:33:21.101030 692c                Options.max_bgerror_resume_count: 2147483647
2025/09/15-21:33:21.101048 692c            Options.bgerror_resume_retry_interval: 1000000
2025/09/15-21:33:21.101062 692c             Options.allow_data_in_errors: 0
2025/09/15-21:33:21.101074 692c             Options.db_host_id: __hostname__
2025/09/15-21:33:21.101087 692c             Options.enforce_single_del_contracts: true
2025/09/15-21:33:21.101102 692c             Options.metadata_write_temperature: kUnknown
2025/09/15-21:33:21.101115 692c             Options.wal_write_temperature: kUnknown
2025/09/15-21:33:21.101128 692c             Options.max_background_jobs: 2
2025/09/15-21:33:21.101140 692c             Options.max_background_compactions: -1
2025/09/15-21:33:21.101153 692c             Options.max_subcompactions: 1
2025/09/15-21:33:21.101165 692c             Options.avoid_flush_during_shutdown: 0
2025/09/15-21:33:21.101177 692c           Options.writable_file_max_buffer_size: 1048576
2025/09/15-21:33:21.101190 692c             Options.delayed_write_rate : 16777216
2025/09/15-21:33:21.101203 692c             Options.max_total_wal_size: 0
2025/09/15-21:33:21.101218 692c             Options.delete_obsolete_files_period_micros: 21600000000
2025/09/15-21:33:21.101235 692c                   Options.stats_dump_period_sec: 600
2025/09/15-21:33:21.101247 692c                 Options.stats_persist_period_sec: 600
2025/09/15-21:33:21.101260 692c                 Options.stats_history_buffer_size: 1048576
2025/09/15-21:33:21.101272 692c                          Options.max_open_files: -1
2025/09/15-21:33:21.101285 692c                          Options.bytes_per_sync: 0
2025/09/15-21:33:21.101297 692c                      Options.wal_bytes_per_sync: 0
2025/09/15-21:33:21.101310 692c                   Options.strict_bytes_per_sync: 0
2025/09/15-21:33:21.101323 692c       Options.compaction_readahead_size: 2097152
2025/09/15-21:33:21.101337 692c                  Options.max_background_flushes: -1
2025/09/15-21:33:21.101350 692c Options.daily_offpeak_time_utc: 
2025/09/15-21:33:21.101364 692c Compression algorithms supported:
2025/09/15-21:33:21.101483 692c 	kZSTD supported: 1
2025/09/15-21:33:21.101501 692c 	kSnappyCompression supported: 1
2025/09/15-21:33:21.101513 692c 	kBZip2Compression supported: 0
2025/09/15-21:33:21.101524 692c 	kZlibCompression supported: 1
2025/09/15-21:33:21.101536 692c 	kLZ4Compression supported: 1
2025/09/15-21:33:21.101548 692c 	kXpressCompression supported: 0
2025/09/15-21:33:21.101562 692c 	kLZ4HCCompression supported: 1
2025/09/15-21:33:21.101574 692c 	kZSTDNotFinalCompression supported: 1
2025/09/15-21:33:21.101601 692c Fast CRC32 supported: Not supported on x86
2025/09/15-21:33:21.101614 692c DMutex implementation: std::mutex
2025/09/15-21:33:21.101626 692c Jemalloc supported: 0
2025/09/15-21:33:21.106412 692c [db\version_set.cc:6058] Recovering from manifest file: .\data\chain/MANIFEST-000078
2025/09/15-21:33:21.108093 692c [db\column_family.cc:629] --------------- Options for column family [default]:
2025/09/15-21:33:21.108160 692c               Options.comparator: leveldb.BytewiseComparator
2025/09/15-21:33:21.108178 692c           Options.merge_operator: None
2025/09/15-21:33:21.108191 692c        Options.compaction_filter: None
2025/09/15-21:33:21.108205 692c        Options.compaction_filter_factory: None
2025/09/15-21:33:21.108218 692c  Options.sst_partitioner_factory: None
2025/09/15-21:33:21.108231 692c         Options.memtable_factory: SkipListFactory
2025/09/15-21:33:21.108244 692c            Options.table_factory: BlockBasedTable
2025/09/15-21:33:21.108401 692c            table_factory options:   flush_block_policy_factory: FlushBlockBySizePolicyFactory (0000028EF469AD30)
  cache_index_and_filter_blocks: 0
  cache_index_and_filter_blocks_with_high_priority: 1
  pin_l0_filter_and_index_blocks_in_cache: 0
  pin_top_level_index_and_filter: 1
  index_type: 0
  data_block_index_type: 0
  index_shortening: 1
  data_block_hash_table_util_ratio: 0.750000
  checksum: 4
  no_block_cache: 0
  block_cache: 0000028EF4385A80
  block_cache_name: LRUCache
  block_cache_options:
    capacity : 33554432
    num_shard_bits : 6
    strict_capacity_limit : 0
    memory_allocator : None
    high_pri_pool_ratio: 0.500
    low_pri_pool_ratio: 0.000
  persistent_cache: 0000000000000000
  block_size: 4096
  block_size_deviation: 10
  block_restart_interval: 16
  index_block_restart_interval: 1
  metadata_block_size: 4096
  partition_filters: 0
  use_delta_encoding: 1
  filter_policy: nullptr
  whole_key_filtering: 1
  verify_compression: 0
  read_amp_bytes_per_bit: 0
  format_version: 6
  enable_index_compression: 1
  block_align: 0
  max_auto_readahead_size: 262144
  prepopulate_block_cache: 0
  initial_auto_readahead_size: 8192
  num_file_reads_for_auto_readahead: 2
2025/09/15-21:33:21.108420 692c        Options.write_buffer_size: 67108864
2025/09/15-21:33:21.108432 692c  Options.max_write_buffer_number: 2
2025/09/15-21:33:21.108457 692c          Options.compression: Snappy
2025/09/15-21:33:21.108468 692c                  Options.bottommost_compression: Disabled
2025/09/15-21:33:21.108480 692c       Options.prefix_extractor: nullptr
2025/09/15-21:33:21.108492 692c   Options.memtable_insert_with_hint_prefix_extractor: nullptr
2025/09/15-21:33:21.108505 692c             Options.num_levels: 7
2025/09/15-21:33:21.108516 692c        Options.min_write_buffer_number_to_merge: 1
2025/09/15-21:33:21.108529 692c     Options.max_write_buffer_number_to_maintain: 0
2025/09/15-21:33:21.108541 692c     Options.max_write_buffer_size_to_maintain: 0
2025/09/15-21:33:21.108555 692c            Options.bottommost_compression_opts.window_bits: -14
2025/09/15-21:33:21.108568 692c                  Options.bottommost_compression_opts.level: 32767
2025/09/15-21:33:21.108581 692c               Options.bottommost_compression_opts.strategy: 0
2025/09/15-21:33:21.108595 692c         Options.bottommost_compression_opts.max_dict_bytes: 0
2025/09/15-21:33:21.108607 692c         Options.bottommost_compression_opts.zstd_max_train_bytes: 0
2025/09/15-21:33:21.108621 692c         Options.bottommost_compression_opts.parallel_threads: 1
2025/09/15-21:33:21.108697 692c                  Options.bottommost_compression_opts.enabled: false
2025/09/15-21:33:21.108723 692c         Options.bottommost_compression_opts.max_dict_buffer_bytes: 0
2025/09/15-21:33:21.108739 692c         Options.bottommost_compression_opts.use_zstd_dict_trainer: true
2025/09/15-21:33:21.108755 692c            Options.compression_opts.window_bits: -14
2025/09/15-21:33:21.108770 692c                  Options.compression_opts.level: 32767
2025/09/15-21:33:21.108784 692c               Options.compression_opts.strategy: 0
2025/09/15-21:33:21.108798 692c         Options.compression_opts.max_dict_bytes: 0
2025/09/15-21:33:21.108812 692c         Options.compression_opts.zstd_max_train_bytes: 0
2025/09/15-21:33:21.108826 692c         Options.compression_opts.use_zstd_dict_trainer: true
2025/09/15-21:33:21.108840 692c         Options.compression_opts.parallel_threads: 1
2025/09/15-21:33:21.108854 692c                  Options.compression_opts.enabled: false
2025/09/15-21:33:21.108868 692c         Options.compression_opts.max_dict_buffer_bytes: 0
2025/09/15-21:33:21.108883 692c      Options.level0_file_num_compaction_trigger: 4
2025/09/15-21:33:21.108896 692c          Options.level0_slowdown_writes_trigger: 20
2025/09/15-21:33:21.108910 692c              Options.level0_stop_writes_trigger: 36
2025/09/15-21:33:21.108924 692c                   Options.target_file_size_base: 67108864
2025/09/15-21:33:21.108938 692c             Options.target_file_size_multiplier: 1
2025/09/15-21:33:21.108952 692c                Options.max_bytes_for_level_base: 268435456
2025/09/15-21:33:21.108966 692c Options.level_compaction_dynamic_level_bytes: 1
2025/09/15-21:33:21.108980 692c          Options.max_bytes_for_level_multiplier: 10.000000
2025/09/15-21:33:21.108996 692c Options.max_bytes_for_level_multiplier_addtl[0]: 1
2025/09/15-21:33:21.109010 692c Options.max_bytes_for_level_multiplier_addtl[1]: 1
2025/09/15-21:33:21.109024 692c Options.max_bytes_for_level_multiplier_addtl[2]: 1
2025/09/15-21:33:21.109038 692c Options.max_bytes_for_level_multiplier_addtl[3]: 1
2025/09/15-21:33:21.109052 692c Options.max_bytes_for_level_multiplier_addtl[4]: 1
2025/09/15-21:33:21.109066 692c Options.max_bytes_for_level_multiplier_addtl[5]: 1
2025/09/15-21:33:21.109080 692c Options.max_bytes_for_level_multiplier_addtl[6]: 1
2025/09/15-21:33:21.109094 692c       Options.max_sequential_skip_in_iterations: 8
2025/09/15-21:33:21.109107 692c                    Options.max_compaction_bytes: 1677721600
2025/09/15-21:33:21.109121 692c                        Options.arena_block_size: 1048576
2025/09/15-21:33:21.109135 692c   Options.soft_pending_compaction_bytes_limit: 68719476736
2025/09/15-21:33:21.109149 692c   Options.hard_pending_compaction_bytes_limit: 274877906944
2025/09/15-21:33:21.109162 692c                Options.disable_auto_compactions: 0
2025/09/15-21:33:21.109179 692c                        Options.compaction_style: kCompactionStyleLevel
2025/09/15-21:33:21.109194 692c                          Options.compaction_pri: kMinOverlappingRatio
2025/09/15-21:33:21.109208 692c Options.compaction_options_universal.size_ratio: 1
2025/09/15-21:33:21.109221 692c Options.compaction_options_universal.min_merge_width: 2
2025/09/15-21:33:21.109235 692c Options.compaction_options_universal.max_merge_width: 4294967295
2025/09/15-21:33:21.109248 692c Options.compaction_options_universal.max_size_amplification_percent: 200
2025/09/15-21:33:21.109261 692c Options.compaction_options_universal.compression_size_percent: -1
2025/09/15-21:33:21.109275 692c Options.compaction_options_universal.stop_style: kCompactionStopStyleTotalSize
2025/09/15-21:33:21.109287 692c Options.compaction_options_universal.max_read_amp: -1
2025/09/15-21:33:21.109300 692c Options.compaction_options_fifo.max_table_files_size: 1073741824
2025/09/15-21:33:21.109312 692c Options.compaction_options_fifo.allow_compaction: 0
2025/09/15-21:33:21.109330 692c                   Options.table_properties_collectors: 
2025/09/15-21:33:21.109347 692c                   Options.inplace_update_support: 0
2025/09/15-21:33:21.109483 692c                 Options.inplace_update_num_locks: 10000
2025/09/15-21:33:21.109504 692c               Options.memtable_prefix_bloom_size_ratio: 0.000000
2025/09/15-21:33:21.109522 692c               Options.memtable_whole_key_filtering: 0
2025/09/15-21:33:21.109534 692c   Options.memtable_huge_page_size: 0
2025/09/15-21:33:21.109546 692c                           Options.bloom_locality: 0
2025/09/15-21:33:21.109559 692c                    Options.max_successive_merges: 0
2025/09/15-21:33:21.109571 692c             Options.strict_max_successive_merges: 0
2025/09/15-21:33:21.109583 692c                Options.optimize_filters_for_hits: 0
2025/09/15-21:33:21.109596 692c                Options.paranoid_file_checks: 0
2025/09/15-21:33:21.109607 692c                Options.force_consistency_checks: 1
2025/09/15-21:33:21.109620 692c                Options.report_bg_io_stats: 0
2025/09/15-21:33:21.109631 692c                               Options.ttl: 2592000
2025/09/15-21:33:21.109643 692c          Options.periodic_compaction_seconds: 0
2025/09/15-21:33:21.109656 692c                        Options.default_temperature: kUnknown
2025/09/15-21:33:21.109668 692c  Options.preclude_last_level_data_seconds: 0
2025/09/15-21:33:21.109680 692c    Options.preserve_internal_time_seconds: 0
2025/09/15-21:33:21.109691 692c                       Options.enable_blob_files: false
2025/09/15-21:33:21.109703 692c                           Options.min_blob_size: 0
2025/09/15-21:33:21.109716 692c                          Options.blob_file_size: 268435456
2025/09/15-21:33:21.109729 692c                   Options.blob_compression_type: NoCompression
2025/09/15-21:33:21.109742 692c          Options.enable_blob_garbage_collection: false
2025/09/15-21:33:21.109755 692c      Options.blob_garbage_collection_age_cutoff: 0.250000
2025/09/15-21:33:21.109771 692c Options.blob_garbage_collection_force_threshold: 1.000000
2025/09/15-21:33:21.109785 692c          Options.blob_compaction_readahead_size: 0
2025/09/15-21:33:21.109798 692c                Options.blob_file_starting_level: 0
2025/09/15-21:33:21.109810 692c         Options.experimental_mempurge_threshold: 0.000000
2025/09/15-21:33:21.109823 692c            Options.memtable_max_range_deletions: 0
2025/09/15-21:33:21.110811 692c [db\column_family.cc:629] --------------- Options for column family [blocks]:
2025/09/15-21:33:21.110849 692c               Options.comparator: leveldb.BytewiseComparator
2025/09/15-21:33:21.110862 692c           Options.merge_operator: None
2025/09/15-21:33:21.110876 692c        Options.compaction_filter: None
2025/09/15-21:33:21.110889 692c        Options.compaction_filter_factory: None
2025/09/15-21:33:21.110902 692c  Options.sst_partitioner_factory: None
2025/09/15-21:33:21.110919 692c         Options.memtable_factory: SkipListFactory
2025/09/15-21:33:21.110933 692c            Options.table_factory: BlockBasedTable
2025/09/15-21:33:21.111044 692c            table_factory options:   flush_block_policy_factory: FlushBlockBySizePolicyFactory (0000028EF469AEE0)
  cache_index_and_filter_blocks: 0
  cache_index_and_filter_blocks_with_high_priority: 1
  pin_l0_filter_and_index_blocks_in_cache: 0
  pin_top_level_index_and_filter: 1
  index_type: 0
  data_block_index_type: 0
  index_shortening: 1
  data_block_hash_table_util_ratio: 0.750000
  checksum: 4
  no_block_cache: 0
  block_cache: 0000028EF43857B0
  block_cache_name: LRUCache
  block_cache_options:
    capacity : 33554432
    num_shard_bits : 6
    strict_capacity_limit : 0
    memory_allocator : None
    high_pri_pool_ratio: 0.500
    low_pri_pool_ratio: 0.000
  persistent_cache: 0000000000000000
  block_size: 4096
  block_size_deviation: 10
  block_restart_interval: 16
  index_block_restart_interval: 1
  metadata_block_size: 4096
  partition_filters: 0
  use_delta_encoding: 1
  filter_policy: nullptr
  whole_key_filtering: 1
  verify_compression: 0
  read_amp_bytes_per_bit: 0
  format_version: 6
  enable_index_compression: 1
  block_align: 0
  max_auto_readahead_size: 262144
  prepopulate_block_cache: 0
  initial_auto_readahead_size: 8192
  num_file_reads_for_auto_readahead: 2
2025/09/15-21:33:21.111072 692c        Options.write_buffer_size: 67108864
2025/09/15-21:33:21.111089 692c  Options.max_write_buffer_number: 2
2025/09/15-21:33:21.111102 692c          Options.compression: Snappy
2025/09/15-21:33:21.111115 692c                  Options.bottommost_compression: Disabled
2025/09/15-21:33:21.111128 692c       Options.prefix_extractor: nullptr
2025/09/15-21:33:21.111139 692c   Options.memtable_insert_with_hint_prefix_extractor: nullptr
2025/09/15-21:33:21.111152 692c             Options.num_levels: 7
2025/09/15-21:33:21.111164 692c        Options.min_write_buffer_number_to_merge: 1
2025/09/15-21:33:21.111176 692c     Options.max_write_buffer_number_to_maintain: 0
2025/09/15-21:33:21.111193 692c     Options.max_write_buffer_size_to_maintain: 0
2025/09/15-21:33:21.111206 692c            Options.bottommost_compression_opts.window_bits: -14
2025/09/15-21:33:21.111219 692c                  Options.bottommost_compression_opts.level: 32767
2025/09/15-21:33:21.111232 692c               Options.bottommost_compression_opts.strategy: 0
2025/09/15-21:33:21.111244 692c         Options.bottommost_compression_opts.max_dict_bytes: 0
2025/09/15-21:33:21.111257 692c         Options.bottommost_compression_opts.zstd_max_train_bytes: 0
2025/09/15-21:33:21.111271 692c         Options.bottommost_compression_opts.parallel_threads: 1
2025/09/15-21:33:21.111285 692c                  Options.bottommost_compression_opts.enabled: false
2025/09/15-21:33:21.111299 692c         Options.bottommost_compression_opts.max_dict_buffer_bytes: 0
2025/09/15-21:33:21.111313 692c         Options.bottommost_compression_opts.use_zstd_dict_trainer: true
2025/09/15-21:33:21.111327 692c            Options.compression_opts.window_bits: -14
2025/09/15-21:33:21.111340 692c                  Options.compression_opts.level: 32767
2025/09/15-21:33:21.111351 692c               Options.compression_opts.strategy: 0
2025/09/15-21:33:21.111365 692c         Options.compression_opts.max_dict_bytes: 0
2025/09/15-21:33:21.111378 692c         Options.compression_opts.zstd_max_train_bytes: 0
2025/09/15-21:33:21.111391 692c         Options.compression_opts.use_zstd_dict_trainer: true
2025/09/15-21:33:21.111403 692c         Options.compression_opts.parallel_threads: 1
2025/09/15-21:33:21.111416 692c                  Options.compression_opts.enabled: false
2025/09/15-21:33:21.111428 692c         Options.compression_opts.max_dict_buffer_bytes: 0
2025/09/15-21:33:21.111439 692c      Options.level0_file_num_compaction_trigger: 4
2025/09/15-21:33:21.111451 692c          Options.level0_slowdown_writes_trigger: 20
2025/09/15-21:33:21.111464 692c              Options.level0_stop_writes_trigger: 36
2025/09/15-21:33:21.111476 692c                   Options.target_file_size_base: 67108864
2025/09/15-21:33:21.111488 692c             Options.target_file_size_multiplier: 1
2025/09/15-21:33:21.111499 692c                Options.max_bytes_for_level_base: 268435456
2025/09/15-21:33:21.111511 692c Options.level_compaction_dynamic_level_bytes: 1
2025/09/15-21:33:21.111522 692c          Options.max_bytes_for_level_multiplier: 10.000000
2025/09/15-21:33:21.111537 692c Options.max_bytes_for_level_multiplier_addtl[0]: 1
2025/09/15-21:33:21.111550 692c Options.max_bytes_for_level_multiplier_addtl[1]: 1
2025/09/15-21:33:21.111564 692c Options.max_bytes_for_level_multiplier_addtl[2]: 1
2025/09/15-21:33:21.111577 692c Options.max_bytes_for_level_multiplier_addtl[3]: 1
2025/09/15-21:33:21.111590 692c Options.max_bytes_for_level_multiplier_addtl[4]: 1
2025/09/15-21:33:21.111602 692c Options.max_bytes_for_level_multiplier_addtl[5]: 1
2025/09/15-21:33:21.111615 692c Options.max_bytes_for_level_multiplier_addtl[6]: 1
2025/09/15-21:33:21.111628 692c       Options.max_sequential_skip_in_iterations: 8
2025/09/15-21:33:21.111642 692c                    Options.max_compaction_bytes: 1677721600
2025/09/15-21:33:21.111655 692c                        Options.arena_block_size: 1048576
2025/09/15-21:33:21.111672 692c   Options.soft_pending_compaction_bytes_limit: 68719476736
2025/09/15-21:33:21.111688 692c   Options.hard_pending_compaction_bytes_limit: 274877906944
2025/09/15-21:33:21.111700 692c                Options.disable_auto_compactions: 0
2025/09/15-21:33:21.111716 692c                        Options.compaction_style: kCompactionStyleLevel
2025/09/15-21:33:21.111731 692c                          Options.compaction_pri: kMinOverlappingRatio
2025/09/15-21:33:21.111744 692c Options.compaction_options_universal.size_ratio: 1
2025/09/15-21:33:21.111758 692c Options.compaction_options_universal.min_merge_width: 2
2025/09/15-21:33:21.111771 692c Options.compaction_options_universal.max_merge_width: 4294967295
2025/09/15-21:33:21.111784 692c Options.compaction_options_universal.max_size_amplification_percent: 200
2025/09/15-21:33:21.111797 692c Options.compaction_options_universal.compression_size_percent: -1
2025/09/15-21:33:21.111811 692c Options.compaction_options_universal.stop_style: kCompactionStopStyleTotalSize
2025/09/15-21:33:21.111825 692c Options.compaction_options_universal.max_read_amp: -1
2025/09/15-21:33:21.111838 692c Options.compaction_options_fifo.max_table_files_size: 1073741824
2025/09/15-21:33:21.111850 692c Options.compaction_options_fifo.allow_compaction: 0
2025/09/15-21:33:21.111869 692c                   Options.table_properties_collectors: 
2025/09/15-21:33:21.111882 692c                   Options.inplace_update_support: 0
2025/09/15-21:33:21.111901 692c                 Options.inplace_update_num_locks: 10000
2025/09/15-21:33:21.111921 692c               Options.memtable_prefix_bloom_size_ratio: 0.000000
2025/09/15-21:33:21.111935 692c               Options.memtable_whole_key_filtering: 0
2025/09/15-21:33:21.111948 692c   Options.memtable_huge_page_size: 0
2025/09/15-21:33:21.111960 692c                           Options.bloom_locality: 0
2025/09/15-21:33:21.111974 692c                    Options.max_successive_merges: 0
2025/09/15-21:33:21.111986 692c             Options.strict_max_successive_merges: 0
2025/09/15-21:33:21.111999 692c                Options.optimize_filters_for_hits: 0
2025/09/15-21:33:21.112012 692c                Options.paranoid_file_checks: 0
2025/09/15-21:33:21.112026 692c                Options.force_consistency_checks: 1
2025/09/15-21:33:21.112040 692c                Options.report_bg_io_stats: 0
2025/09/15-21:33:21.112053 692c                               Options.ttl: 2592000
2025/09/15-21:33:21.112067 692c          Options.periodic_compaction_seconds: 0
2025/09/15-21:33:21.112082 692c                        Options.default_temperature: kUnknown
2025/09/15-21:33:21.112096 692c  Options.preclude_last_level_data_seconds: 0
2025/09/15-21:33:21.112110 692c    Options.preserve_internal_time_seconds: 0
2025/09/15-21:33:21.112123 692c                       Options.enable_blob_files: false
2025/09/15-21:33:21.112137 692c                           Options.min_blob_size: 0
2025/09/15-21:33:21.112151 692c                          Options.blob_file_size: 268435456
2025/09/15-21:33:21.112165 692c                   Options.blob_compression_type: NoCompression
2025/09/15-21:33:21.112179 692c          Options.enable_blob_garbage_collection: false
2025/09/15-21:33:21.112193 692c      Options.blob_garbage_collection_age_cutoff: 0.250000
2025/09/15-21:33:21.112209 692c Options.blob_garbage_collection_force_threshold: 1.000000
2025/09/15-21:33:21.112223 692c          Options.blob_compaction_readahead_size: 0
2025/09/15-21:33:21.112237 692c                Options.blob_file_starting_level: 0
2025/09/15-21:33:21.112251 692c         Options.experimental_mempurge_threshold: 0.000000
2025/09/15-21:33:21.112265 692c            Options.memtable_max_range_deletions: 0
2025/09/15-21:33:21.112583 692c [db\column_family.cc:629] --------------- Options for column family [heights]:
2025/09/15-21:33:21.112604 692c               Options.comparator: leveldb.BytewiseComparator
2025/09/15-21:33:21.112618 692c           Options.merge_operator: None
2025/09/15-21:33:21.112631 692c        Options.compaction_filter: None
2025/09/15-21:33:21.112650 692c        Options.compaction_filter_factory: None
2025/09/15-21:33:21.112667 692c  Options.sst_partitioner_factory: None
2025/09/15-21:33:21.112680 692c         Options.memtable_factory: SkipListFactory
2025/09/15-21:33:21.112692 692c            Options.table_factory: BlockBasedTable
2025/09/15-21:33:21.112818 692c            table_factory options:   flush_block_policy_factory: FlushBlockBySizePolicyFactory (0000028EF469B4B0)
  cache_index_and_filter_blocks: 0
  cache_index_and_filter_blocks_with_high_priority: 1
  pin_l0_filter_and_index_blocks_in_cache: 0
  pin_top_level_index_and_filter: 1
  index_type: 0
  data_block_index_type: 0
  index_shortening: 1
  data_block_hash_table_util_ratio: 0.750000
  checksum: 4
  no_block_cache: 0
  block_cache: 0000028EF4385300
  block_cache_name: LRUCache
  block_cache_options:
    capacity : 33554432
    num_shard_bits : 6
    strict_capacity_limit : 0
    memory_allocator : None
    high_pri_pool_ratio: 0.500
    low_pri_pool_ratio: 0.000
  persistent_cache: 0000000000000000
  block_size: 4096
  block_size_deviation: 10
  block_restart_interval: 16
  index_block_restart_interval: 1
  metadata_block_size: 4096
  partition_filters: 0
  use_delta_encoding: 1
  filter_policy: nullptr
  whole_key_filtering: 1
  verify_compression: 0
  read_amp_bytes_per_bit: 0
  format_version: 6
  enable_index_compression: 1
  block_align: 0
  max_auto_readahead_size: 262144
  prepopulate_block_cache: 0
  initial_auto_readahead_size: 8192
  num_file_reads_for_auto_readahead: 2
2025/09/15-21:33:21.112846 692c        Options.write_buffer_size: 67108864
2025/09/15-21:33:21.112860 692c  Options.max_write_buffer_number: 2
2025/09/15-21:33:21.112874 692c          Options.compression: Snappy
2025/09/15-21:33:21.112887 692c                  Options.bottommost_compression: Disabled
2025/09/15-21:33:21.112901 692c       Options.prefix_extractor: nullptr
2025/09/15-21:33:21.113095 692c   Options.memtable_insert_with_hint_prefix_extractor: nullptr
2025/09/15-21:33:21.113152 692c             Options.num_levels: 7
2025/09/15-21:33:21.113172 692c        Options.min_write_buffer_number_to_merge: 1
2025/09/15-21:33:21.113190 692c     Options.max_write_buffer_number_to_maintain: 0
2025/09/15-21:33:21.113202 692c     Options.max_write_buffer_size_to_maintain: 0
2025/09/15-21:33:21.113214 692c            Options.bottommost_compression_opts.window_bits: -14
2025/09/15-21:33:21.113227 692c                  Options.bottommost_compression_opts.level: 32767
2025/09/15-21:33:21.113301 692c               Options.bottommost_compression_opts.strategy: 0
2025/09/15-21:33:21.113318 692c         Options.bottommost_compression_opts.max_dict_bytes: 0
2025/09/15-21:33:21.113332 692c         Options.bottommost_compression_opts.zstd_max_train_bytes: 0
2025/09/15-21:33:21.113346 692c         Options.bottommost_compression_opts.parallel_threads: 1
2025/09/15-21:33:21.113360 692c                  Options.bottommost_compression_opts.enabled: false
2025/09/15-21:33:21.113373 692c         Options.bottommost_compression_opts.max_dict_buffer_bytes: 0
2025/09/15-21:33:21.113387 692c         Options.bottommost_compression_opts.use_zstd_dict_trainer: true
2025/09/15-21:33:21.113419 692c            Options.compression_opts.window_bits: -14
2025/09/15-21:33:21.113432 692c                  Options.compression_opts.level: 32767
2025/09/15-21:33:21.113444 692c               Options.compression_opts.strategy: 0
2025/09/15-21:33:21.113457 692c         Options.compression_opts.max_dict_bytes: 0
2025/09/15-21:33:21.113470 692c         Options.compression_opts.zstd_max_train_bytes: 0
2025/09/15-21:33:21.113483 692c         Options.compression_opts.use_zstd_dict_trainer: true
2025/09/15-21:33:21.113495 692c         Options.compression_opts.parallel_threads: 1
2025/09/15-21:33:21.113508 692c                  Options.compression_opts.enabled: false
2025/09/15-21:33:21.113520 692c         Options.compression_opts.max_dict_buffer_bytes: 0
2025/09/15-21:33:21.113533 692c      Options.level0_file_num_compaction_trigger: 4
2025/09/15-21:33:21.113668 692c          Options.level0_slowdown_writes_trigger: 20
2025/09/15-21:33:21.113688 692c              Options.level0_stop_writes_trigger: 36
2025/09/15-21:33:21.113701 692c                   Options.target_file_size_base: 67108864
2025/09/15-21:33:21.113714 692c             Options.target_file_size_multiplier: 1
2025/09/15-21:33:21.113726 692c                Options.max_bytes_for_level_base: 268435456
2025/09/15-21:33:21.113739 692c Options.level_compaction_dynamic_level_bytes: 1
2025/09/15-21:33:21.113752 692c          Options.max_bytes_for_level_multiplier: 10.000000
2025/09/15-21:33:21.113770 692c Options.max_bytes_for_level_multiplier_addtl[0]: 1
2025/09/15-21:33:21.113783 692c Options.max_bytes_for_level_multiplier_addtl[1]: 1
2025/09/15-21:33:21.113796 692c Options.max_bytes_for_level_multiplier_addtl[2]: 1
2025/09/15-21:33:21.113808 692c Options.max_bytes_for_level_multiplier_addtl[3]: 1
2025/09/15-21:33:21.113821 692c Options.max_bytes_for_level_multiplier_addtl[4]: 1
2025/09/15-21:33:21.113834 692c Options.max_bytes_for_level_multiplier_addtl[5]: 1
2025/09/15-21:33:21.113846 692c Options.max_bytes_for_level_multiplier_addtl[6]: 1
2025/09/15-21:33:21.113903 692c       Options.max_sequential_skip_in_iterations: 8
2025/09/15-21:33:21.113916 692c                    Options.max_compaction_bytes: 1677721600
2025/09/15-21:33:21.113929 692c                        Options.arena_block_size: 1048576
2025/09/15-21:33:21.113941 692c   Options.soft_pending_compaction_bytes_limit: 68719476736
2025/09/15-21:33:21.113954 692c   Options.hard_pending_compaction_bytes_limit: 274877906944
2025/09/15-21:33:21.113967 692c                Options.disable_auto_compactions: 0
2025/09/15-21:33:21.113983 692c                        Options.compaction_style: kCompactionStyleLevel
2025/09/15-21:33:21.113997 692c                          Options.compaction_pri: kMinOverlappingRatio
2025/09/15-21:33:21.114009 692c Options.compaction_options_universal.size_ratio: 1
2025/09/15-21:33:21.114021 692c Options.compaction_options_universal.min_merge_width: 2
2025/09/15-21:33:21.114033 692c Options.compaction_options_universal.max_merge_width: 4294967295
2025/09/15-21:33:21.114045 692c Options.compaction_options_universal.max_size_amplification_percent: 200
2025/09/15-21:33:21.114058 692c Options.compaction_options_universal.compression_size_percent: -1
2025/09/15-21:33:21.114072 692c Options.compaction_options_universal.stop_style: kCompactionStopStyleTotalSize
2025/09/15-21:33:21.114085 692c Options.compaction_options_universal.max_read_amp: -1
2025/09/15-21:33:21.114098 692c Options.compaction_options_fifo.max_table_files_size: 1073741824
2025/09/15-21:33:21.114110 692c Options.compaction_options_fifo.allow_compaction: 0
2025/09/15-21:33:21.114129 692c                   Options.table_properties_collectors: 
2025/09/15-21:33:21.114143 692c                   Options.inplace_update_support: 0
2025/09/15-21:33:21.114156 692c                 Options.inplace_update_num_locks: 10000
2025/09/15-21:33:21.114168 692c               Options.memtable_prefix_bloom_size_ratio: 0.000000
2025/09/15-21:33:21.114182 692c               Options.memtable_whole_key_filtering: 0
2025/09/15-21:33:21.114194 692c   Options.memtable_huge_page_size: 0
2025/09/15-21:33:21.114206 692c                           Options.bloom_locality: 0
2025/09/15-21:33:21.114219 692c                    Options.max_successive_merges: 0
2025/09/15-21:33:21.114231 692c             Options.strict_max_successive_merges: 0
2025/09/15-21:33:21.114244 692c                Options.optimize_filters_for_hits: 0
2025/09/15-21:33:21.114256 692c                Options.paranoid_file_checks: 0
2025/09/15-21:33:21.114270 692c                Options.force_consistency_checks: 1
2025/09/15-21:33:21.114282 692c                Options.report_bg_io_stats: 0
2025/09/15-21:33:21.114294 692c                               Options.ttl: 2592000
2025/09/15-21:33:21.114306 692c          Options.periodic_compaction_seconds: 0
2025/09/15-21:33:21.114319 692c                        Options.default_temperature: kUnknown
2025/09/15-21:33:21.114337 692c  Options.preclude_last_level_data_seconds: 0
2025/09/15-21:33:21.114352 692c    Options.preserve_internal_time_seconds: 0
2025/09/15-21:33:21.114365 692c                       Options.enable_blob_files: false
2025/09/15-21:33:21.114378 692c                           Options.min_blob_size: 0
2025/09/15-21:33:21.114391 692c                          Options.blob_file_size: 268435456
2025/09/15-21:33:21.114404 692c                   Options.blob_compression_type: NoCompression
2025/09/15-21:33:21.114417 692c          Options.enable_blob_garbage_collection: false
2025/09/15-21:33:21.114430 692c      Options.blob_garbage_collection_age_cutoff: 0.250000
2025/09/15-21:33:21.114445 692c Options.blob_garbage_collection_force_threshold: 1.000000
2025/09/15-21:33:21.114458 692c          Options.blob_compaction_readahead_size: 0
2025/09/15-21:33:21.114471 692c                Options.blob_file_starting_level: 0
2025/09/15-21:33:21.114484 692c         Options.experimental_mempurge_threshold: 0.000000
2025/09/15-21:33:21.114497 692c            Options.memtable_max_range_deletions: 0
2025/09/15-21:33:21.114748 692c [db\column_family.cc:629] --------------- Options for column family [meta]:
2025/09/15-21:33:21.114777 692c               Options.comparator: leveldb.BytewiseComparator
2025/09/15-21:33:21.114792 692c           Options.merge_operator: None
2025/09/15-21:33:21.114808 692c        Options.compaction_filter: None
2025/09/15-21:33:21.114822 692c        Options.compaction_filter_factory: None
2025/09/15-21:33:21.114837 692c  Options.sst_partitioner_factory: None
2025/09/15-21:33:21.114852 692c         Options.memtable_factory: SkipListFactory
2025/09/15-21:33:21.114867 692c            Options.table_factory: BlockBasedTable
2025/09/15-21:33:21.114965 692c            table_factory options:   flush_block_policy_factory: FlushBlockBySizePolicyFactory (0000028EF469BAB0)
  cache_index_and_filter_blocks: 0
  cache_index_and_filter_blocks_with_high_priority: 1
  pin_l0_filter_and_index_blocks_in_cache: 0
  pin_top_level_index_and_filter: 1
  index_type: 0
  data_block_index_type: 0
  index_shortening: 1
  data_block_hash_table_util_ratio: 0.750000
  checksum: 4
  no_block_cache: 0
  block_cache: 0000028EF4385F30
  block_cache_name: LRUCache
  block_cache_options:
    capacity : 33554432
    num_shard_bits : 6
    strict_capacity_limit : 0
    memory_allocator : None
    high_pri_pool_ratio: 0.500
    low_pri_pool_ratio: 0.000
  persistent_cache: 0000000000000000
  block_size: 4096
  block_size_deviation: 10
  block_restart_interval: 16
  index_block_restart_interval: 1
  metadata_block_size: 4096
  partition_filters: 0
  use_delta_encoding: 1
  filter_policy: nullptr
  whole_key_filtering: 1
  verify_compression: 0
  read_amp_bytes_per_bit: 0
  format_version: 6
  enable_index_compression: 1
  block_align: 0
  max_auto_readahead_size: 262144
  prepopulate_block_cache: 0
  initial_auto_readahead_size: 8192
  num_file_reads_for_auto_readahead: 2
