2025/09/27-15:17:41.900843 32b0 RocksDB version: 9.6.1
2025/09/27-15:17:41.900989 32b0 Git sha 13d5230e5da650cf93e6dccb389c82d316d355c6
2025/09/27-15:17:41.901030 32b0 Compile date 2024-09-11 10:08:51
2025/09/27-15:17:41.901064 32b0 DB SUMMARY
2025/09/27-15:17:41.901092 32b0 Host name (Env):  LAPTOP-H7TICIPP
2025/09/27-15:17:41.901115 32b0 DB Session ID:  0VRC6G4HSPJS2TDPRH0P
2025/09/27-15:17:41.903452 32b0 CURRENT file:  CURRENT
2025/09/27-15:17:41.903489 32b0 IDENTITY file:  IDENTITY
2025/09/27-15:17:41.903631 32b0 MANIFEST file:  MANIFEST-000034 size: 1498 Bytes
2025/09/27-15:17:41.903665 32b0 SST files in C:\Users\jijos\Desktop\java-blockchain\app\data\chain dir, Total Num: 9, files: 000008.sst 000009.sst 000010.sst 000015.sst 000016.sst 000017.sst 000022.sst 000023.sst 000024.sst 
2025/09/27-15:17:41.903898 32b0 Write Ahead Log file in C:\Users\jijos\Desktop\java-blockchain\app\data\chain: 000033.log size: 0 ; 
2025/09/27-15:17:41.903919 32b0                         Options.error_if_exists: 0
2025/09/27-15:17:41.903926 32b0                       Options.create_if_missing: 1
2025/09/27-15:17:41.903932 32b0                         Options.paranoid_checks: 1
2025/09/27-15:17:41.903937 32b0             Options.flush_verify_memtable_count: 1
2025/09/27-15:17:41.903943 32b0          Options.compaction_verify_record_count: 1
2025/09/27-15:17:41.903949 32b0                               Options.track_and_verify_wals_in_manifest: 0
2025/09/27-15:17:41.903954 32b0        Options.verify_sst_unique_id_in_manifest: 1
2025/09/27-15:17:41.903960 32b0                                     Options.env: 0000013427499190
2025/09/27-15:17:41.903966 32b0                                      Options.fs: WinFS
2025/09/27-15:17:41.903972 32b0                                Options.info_log: 000001342738EB10
2025/09/27-15:17:41.903977 32b0                Options.max_file_opening_threads: 16
2025/09/27-15:17:41.903983 32b0                              Options.statistics: 0000000000000000
2025/09/27-15:17:41.903989 32b0                               Options.use_fsync: 0
2025/09/27-15:17:41.903994 32b0                       Options.max_log_file_size: 0
2025/09/27-15:17:41.904000 32b0                  Options.max_manifest_file_size: 1073741824
2025/09/27-15:17:41.904007 32b0                   Options.log_file_time_to_roll: 0
2025/09/27-15:17:41.904012 32b0                       Options.keep_log_file_num: 1000
2025/09/27-15:17:41.904019 32b0                    Options.recycle_log_file_num: 0
2025/09/27-15:17:41.904025 32b0                         Options.allow_fallocate: 1
2025/09/27-15:17:41.904030 32b0                        Options.allow_mmap_reads: 0
2025/09/27-15:17:41.904036 32b0                       Options.allow_mmap_writes: 0
2025/09/27-15:17:41.904041 32b0                        Options.use_direct_reads: 0
2025/09/27-15:17:41.904047 32b0                        Options.use_direct_io_for_flush_and_compaction: 0
2025/09/27-15:17:41.904053 32b0          Options.create_missing_column_families: 1
2025/09/27-15:17:41.904058 32b0                              Options.db_log_dir: 
2025/09/27-15:17:41.904064 32b0                                 Options.wal_dir: 
2025/09/27-15:17:41.904069 32b0                Options.table_cache_numshardbits: 6
2025/09/27-15:17:41.904074 32b0                         Options.WAL_ttl_seconds: 0
2025/09/27-15:17:41.904080 32b0                       Options.WAL_size_limit_MB: 0
2025/09/27-15:17:41.904086 32b0                        Options.max_write_batch_group_size_bytes: 1048576
2025/09/27-15:17:41.904092 32b0             Options.manifest_preallocation_size: 4194304
2025/09/27-15:17:41.904098 32b0                     Options.is_fd_close_on_exec: 1
2025/09/27-15:17:41.904104 32b0                   Options.advise_random_on_open: 1
2025/09/27-15:17:41.904109 32b0                    Options.db_write_buffer_size: 0
2025/09/27-15:17:41.904115 32b0                    Options.write_buffer_manager: 00000134274990A0
2025/09/27-15:17:41.904121 32b0           Options.random_access_max_buffer_size: 1048576
2025/09/27-15:17:41.904127 32b0                      Options.use_adaptive_mutex: 0
2025/09/27-15:17:41.904172 32b0                            Options.rate_limiter: 0000000000000000
2025/09/27-15:17:41.904182 32b0     Options.sst_file_manager.rate_bytes_per_sec: 0
2025/09/27-15:17:41.904188 32b0                       Options.wal_recovery_mode: 2
2025/09/27-15:17:41.904193 32b0                  Options.enable_thread_tracking: 0
2025/09/27-15:17:41.904199 32b0                  Options.enable_pipelined_write: 0
2025/09/27-15:17:41.904205 32b0                  Options.unordered_write: 0
2025/09/27-15:17:41.904210 32b0         Options.allow_concurrent_memtable_write: 1
2025/09/27-15:17:41.904216 32b0      Options.enable_write_thread_adaptive_yield: 1
2025/09/27-15:17:41.904223 32b0             Options.write_thread_max_yield_usec: 100
2025/09/27-15:17:41.904228 32b0            Options.write_thread_slow_yield_usec: 3
2025/09/27-15:17:41.904234 32b0                               Options.row_cache: None
2025/09/27-15:17:41.904240 32b0                              Options.wal_filter: None
2025/09/27-15:17:41.904246 32b0             Options.avoid_flush_during_recovery: 0
2025/09/27-15:17:41.904251 32b0             Options.allow_ingest_behind: 0
2025/09/27-15:17:41.904257 32b0             Options.two_write_queues: 0
2025/09/27-15:17:41.904262 32b0             Options.manual_wal_flush: 0
2025/09/27-15:17:41.904268 32b0             Options.wal_compression: 0
2025/09/27-15:17:41.904273 32b0             Options.background_close_inactive_wals: 0
2025/09/27-15:17:41.904279 32b0             Options.atomic_flush: 0
2025/09/27-15:17:41.904284 32b0             Options.avoid_unnecessary_blocking_io: 0
2025/09/27-15:17:41.904290 32b0                 Options.persist_stats_to_disk: 0
2025/09/27-15:17:41.904295 32b0                 Options.write_dbid_to_manifest: 0
2025/09/27-15:17:41.904302 32b0                 Options.log_readahead_size: 0
2025/09/27-15:17:41.904307 32b0                 Options.file_checksum_gen_factory: Unknown
2025/09/27-15:17:41.904313 32b0                 Options.best_efforts_recovery: 0
2025/09/27-15:17:41.904319 32b0                Options.max_bgerror_resume_count: 2147483647
2025/09/27-15:17:41.904325 32b0            Options.bgerror_resume_retry_interval: 1000000
2025/09/27-15:17:41.904331 32b0             Options.allow_data_in_errors: 0
2025/09/27-15:17:41.904337 32b0             Options.db_host_id: __hostname__
2025/09/27-15:17:41.904343 32b0             Options.enforce_single_del_contracts: true
2025/09/27-15:17:41.904349 32b0             Options.metadata_write_temperature: kUnknown
2025/09/27-15:17:41.904355 32b0             Options.wal_write_temperature: kUnknown
2025/09/27-15:17:41.904361 32b0             Options.max_background_jobs: 2
2025/09/27-15:17:41.904366 32b0             Options.max_background_compactions: -1
2025/09/27-15:17:41.904372 32b0             Options.max_subcompactions: 1
2025/09/27-15:17:41.904378 32b0             Options.avoid_flush_during_shutdown: 0
2025/09/27-15:17:41.904383 32b0           Options.writable_file_max_buffer_size: 1048576
2025/09/27-15:17:41.904389 32b0             Options.delayed_write_rate : 16777216
2025/09/27-15:17:41.904395 32b0             Options.max_total_wal_size: 0
2025/09/27-15:17:41.904401 32b0             Options.delete_obsolete_files_period_micros: 21600000000
2025/09/27-15:17:41.904407 32b0                   Options.stats_dump_period_sec: 600
2025/09/27-15:17:41.904413 32b0                 Options.stats_persist_period_sec: 600
2025/09/27-15:17:41.904419 32b0                 Options.stats_history_buffer_size: 1048576
2025/09/27-15:17:41.904425 32b0                          Options.max_open_files: -1
2025/09/27-15:17:41.904430 32b0                          Options.bytes_per_sync: 0
2025/09/27-15:17:41.904436 32b0                      Options.wal_bytes_per_sync: 0
2025/09/27-15:17:41.904442 32b0                   Options.strict_bytes_per_sync: 0
2025/09/27-15:17:41.904447 32b0       Options.compaction_readahead_size: 2097152
2025/09/27-15:17:41.904453 32b0                  Options.max_background_flushes: -1
2025/09/27-15:17:41.904487 32b0 Options.daily_offpeak_time_utc: 
2025/09/27-15:17:41.904495 32b0 Compression algorithms supported:
2025/09/27-15:17:41.904514 32b0 	kZSTD supported: 1
2025/09/27-15:17:41.904520 32b0 	kSnappyCompression supported: 1
2025/09/27-15:17:41.904526 32b0 	kBZip2Compression supported: 0
2025/09/27-15:17:41.904532 32b0 	kZlibCompression supported: 1
2025/09/27-15:17:41.904538 32b0 	kLZ4Compression supported: 1
2025/09/27-15:17:41.904543 32b0 	kXpressCompression supported: 0
2025/09/27-15:17:41.904549 32b0 	kLZ4HCCompression supported: 1
2025/09/27-15:17:41.904554 32b0 	kZSTDNotFinalCompression supported: 1
2025/09/27-15:17:41.904566 32b0 Fast CRC32 supported: Not supported on x86
2025/09/27-15:17:41.904572 32b0 DMutex implementation: std::mutex
2025/09/27-15:17:41.904578 32b0 Jemalloc supported: 0
2025/09/27-15:17:41.906158 32b0 [db\version_set.cc:6058] Recovering from manifest file: C:\Users\jijos\Desktop\java-blockchain\app\data\chain/MANIFEST-000034
2025/09/27-15:17:41.906685 32b0 [db\column_family.cc:629] --------------- Options for column family [default]:
2025/09/27-15:17:41.906705 32b0               Options.comparator: leveldb.BytewiseComparator
2025/09/27-15:17:41.906710 32b0           Options.merge_operator: None
2025/09/27-15:17:41.906715 32b0        Options.compaction_filter: None
2025/09/27-15:17:41.906719 32b0        Options.compaction_filter_factory: None
2025/09/27-15:17:41.906724 32b0  Options.sst_partitioner_factory: None
2025/09/27-15:17:41.906728 32b0         Options.memtable_factory: SkipListFactory
2025/09/27-15:17:41.906733 32b0            Options.table_factory: BlockBasedTable
2025/09/27-15:17:41.906784 32b0            table_factory options:   flush_block_policy_factory: FlushBlockBySizePolicyFactory (00000134278BAFB0)
  cache_index_and_filter_blocks: 0
  cache_index_and_filter_blocks_with_high_priority: 1
  pin_l0_filter_and_index_blocks_in_cache: 0
  pin_top_level_index_and_filter: 1
  index_type: 0
  data_block_index_type: 0
  index_shortening: 1
  data_block_hash_table_util_ratio: 0.750000
  checksum: 4
  no_block_cache: 0
  block_cache: 0000013427498C00
  block_cache_name: LRUCache
  block_cache_options:
    capacity : 33554432
    num_shard_bits : 6
    strict_capacity_limit : 0
    memory_allocator : None
    high_pri_pool_ratio: 0.500
    low_pri_pool_ratio: 0.000
  persistent_cache: 0000000000000000
  block_size: 4096
  block_size_deviation: 10
  block_restart_interval: 16
  index_block_restart_interval: 1
  metadata_block_size: 4096
  partition_filters: 0
  use_delta_encoding: 1
  filter_policy: nullptr
  whole_key_filtering: 1
  verify_compression: 0
  read_amp_bytes_per_bit: 0
  format_version: 6
  enable_index_compression: 1
  block_align: 0
  max_auto_readahead_size: 262144
  prepopulate_block_cache: 0
  initial_auto_readahead_size: 8192
  num_file_reads_for_auto_readahead: 2
2025/09/27-15:17:41.906792 32b0        Options.write_buffer_size: 67108864
2025/09/27-15:17:41.906797 32b0  Options.max_write_buffer_number: 2
2025/09/27-15:17:41.906806 32b0          Options.compression: Snappy
2025/09/27-15:17:41.906811 32b0                  Options.bottommost_compression: Disabled
2025/09/27-15:17:41.906815 32b0       Options.prefix_extractor: nullptr
2025/09/27-15:17:41.906819 32b0   Options.memtable_insert_with_hint_prefix_extractor: nullptr
2025/09/27-15:17:41.906824 32b0             Options.num_levels: 7
2025/09/27-15:17:41.906828 32b0        Options.min_write_buffer_number_to_merge: 1
2025/09/27-15:17:41.906833 32b0     Options.max_write_buffer_number_to_maintain: 0
2025/09/27-15:17:41.906838 32b0     Options.max_write_buffer_size_to_maintain: 0
2025/09/27-15:17:41.906843 32b0            Options.bottommost_compression_opts.window_bits: -14
2025/09/27-15:17:41.906848 32b0                  Options.bottommost_compression_opts.level: 32767
2025/09/27-15:17:41.906853 32b0               Options.bottommost_compression_opts.strategy: 0
2025/09/27-15:17:41.906858 32b0         Options.bottommost_compression_opts.max_dict_bytes: 0
2025/09/27-15:17:41.906862 32b0         Options.bottommost_compression_opts.zstd_max_train_bytes: 0
2025/09/27-15:17:41.906870 32b0         Options.bottommost_compression_opts.parallel_threads: 1
2025/09/27-15:17:41.906877 32b0                  Options.bottommost_compression_opts.enabled: false
2025/09/27-15:17:41.906882 32b0         Options.bottommost_compression_opts.max_dict_buffer_bytes: 0
2025/09/27-15:17:41.906887 32b0         Options.bottommost_compression_opts.use_zstd_dict_trainer: true
2025/09/27-15:17:41.906892 32b0            Options.compression_opts.window_bits: -14
2025/09/27-15:17:41.906897 32b0                  Options.compression_opts.level: 32767
2025/09/27-15:17:41.906901 32b0               Options.compression_opts.strategy: 0
2025/09/27-15:17:41.906906 32b0         Options.compression_opts.max_dict_bytes: 0
2025/09/27-15:17:41.906910 32b0         Options.compression_opts.zstd_max_train_bytes: 0
2025/09/27-15:17:41.906915 32b0         Options.compression_opts.use_zstd_dict_trainer: true
2025/09/27-15:17:41.906920 32b0         Options.compression_opts.parallel_threads: 1
2025/09/27-15:17:41.906924 32b0                  Options.compression_opts.enabled: false
2025/09/27-15:17:41.906929 32b0         Options.compression_opts.max_dict_buffer_bytes: 0
2025/09/27-15:17:41.906934 32b0      Options.level0_file_num_compaction_trigger: 4
2025/09/27-15:17:41.906939 32b0          Options.level0_slowdown_writes_trigger: 20
2025/09/27-15:17:41.906944 32b0              Options.level0_stop_writes_trigger: 36
2025/09/27-15:17:41.906948 32b0                   Options.target_file_size_base: 67108864
2025/09/27-15:17:41.906953 32b0             Options.target_file_size_multiplier: 1
2025/09/27-15:17:41.906957 32b0                Options.max_bytes_for_level_base: 268435456
2025/09/27-15:17:41.906962 32b0 Options.level_compaction_dynamic_level_bytes: 1
2025/09/27-15:17:41.906967 32b0          Options.max_bytes_for_level_multiplier: 10.000000
2025/09/27-15:17:41.906972 32b0 Options.max_bytes_for_level_multiplier_addtl[0]: 1
2025/09/27-15:17:41.906977 32b0 Options.max_bytes_for_level_multiplier_addtl[1]: 1
2025/09/27-15:17:41.906981 32b0 Options.max_bytes_for_level_multiplier_addtl[2]: 1
2025/09/27-15:17:41.906986 32b0 Options.max_bytes_for_level_multiplier_addtl[3]: 1
2025/09/27-15:17:41.906990 32b0 Options.max_bytes_for_level_multiplier_addtl[4]: 1
2025/09/27-15:17:41.906995 32b0 Options.max_bytes_for_level_multiplier_addtl[5]: 1
2025/09/27-15:17:41.907000 32b0 Options.max_bytes_for_level_multiplier_addtl[6]: 1
2025/09/27-15:17:41.907004 32b0       Options.max_sequential_skip_in_iterations: 8
2025/09/27-15:17:41.907009 32b0                    Options.max_compaction_bytes: 1677721600
2025/09/27-15:17:41.907013 32b0                        Options.arena_block_size: 1048576
2025/09/27-15:17:41.907019 32b0   Options.soft_pending_compaction_bytes_limit: 68719476736
2025/09/27-15:17:41.907024 32b0   Options.hard_pending_compaction_bytes_limit: 274877906944
2025/09/27-15:17:41.907028 32b0                Options.disable_auto_compactions: 0
2025/09/27-15:17:41.907034 32b0                        Options.compaction_style: kCompactionStyleLevel
2025/09/27-15:17:41.907039 32b0                          Options.compaction_pri: kMinOverlappingRatio
2025/09/27-15:17:41.907044 32b0 Options.compaction_options_universal.size_ratio: 1
2025/09/27-15:17:41.907048 32b0 Options.compaction_options_universal.min_merge_width: 2
2025/09/27-15:17:41.907053 32b0 Options.compaction_options_universal.max_merge_width: 4294967295
2025/09/27-15:17:41.907058 32b0 Options.compaction_options_universal.max_size_amplification_percent: 200
2025/09/27-15:17:41.907062 32b0 Options.compaction_options_universal.compression_size_percent: -1
2025/09/27-15:17:41.907068 32b0 Options.compaction_options_universal.stop_style: kCompactionStopStyleTotalSize
2025/09/27-15:17:41.907072 32b0 Options.compaction_options_universal.max_read_amp: -1
2025/09/27-15:17:41.907077 32b0 Options.compaction_options_fifo.max_table_files_size: 1073741824
2025/09/27-15:17:41.907082 32b0 Options.compaction_options_fifo.allow_compaction: 0
2025/09/27-15:17:41.907123 32b0                   Options.table_properties_collectors: 
2025/09/27-15:17:41.907130 32b0                   Options.inplace_update_support: 0
2025/09/27-15:17:41.907135 32b0                 Options.inplace_update_num_locks: 10000
2025/09/27-15:17:41.907140 32b0               Options.memtable_prefix_bloom_size_ratio: 0.000000
2025/09/27-15:17:41.907144 32b0               Options.memtable_whole_key_filtering: 0
2025/09/27-15:17:41.907149 32b0   Options.memtable_huge_page_size: 0
2025/09/27-15:17:41.907153 32b0                           Options.bloom_locality: 0
2025/09/27-15:17:41.907158 32b0                    Options.max_successive_merges: 0
2025/09/27-15:17:41.907162 32b0             Options.strict_max_successive_merges: 0
2025/09/27-15:17:41.907167 32b0                Options.optimize_filters_for_hits: 0
2025/09/27-15:17:41.907171 32b0                Options.paranoid_file_checks: 0
2025/09/27-15:17:41.907175 32b0                Options.force_consistency_checks: 1
2025/09/27-15:17:41.907180 32b0                Options.report_bg_io_stats: 0
2025/09/27-15:17:41.907185 32b0                               Options.ttl: 2592000
2025/09/27-15:17:41.907189 32b0          Options.periodic_compaction_seconds: 0
2025/09/27-15:17:41.907194 32b0                        Options.default_temperature: kUnknown
2025/09/27-15:17:41.907199 32b0  Options.preclude_last_level_data_seconds: 0
2025/09/27-15:17:41.907204 32b0    Options.preserve_internal_time_seconds: 0
2025/09/27-15:17:41.907208 32b0                       Options.enable_blob_files: false
2025/09/27-15:17:41.907213 32b0                           Options.min_blob_size: 0
2025/09/27-15:17:41.907217 32b0                          Options.blob_file_size: 268435456
2025/09/27-15:17:41.907222 32b0                   Options.blob_compression_type: NoCompression
2025/09/27-15:17:41.907227 32b0          Options.enable_blob_garbage_collection: false
2025/09/27-15:17:41.907232 32b0      Options.blob_garbage_collection_age_cutoff: 0.250000
2025/09/27-15:17:41.907237 32b0 Options.blob_garbage_collection_force_threshold: 1.000000
2025/09/27-15:17:41.907242 32b0          Options.blob_compaction_readahead_size: 0
2025/09/27-15:17:41.907246 32b0                Options.blob_file_starting_level: 0
2025/09/27-15:17:41.907251 32b0         Options.experimental_mempurge_threshold: 0.000000
2025/09/27-15:17:41.907255 32b0            Options.memtable_max_range_deletions: 0
2025/09/27-15:17:41.907813 32b0 [db\column_family.cc:629] --------------- Options for column family [blocks]:
2025/09/27-15:17:41.907825 32b0               Options.comparator: leveldb.BytewiseComparator
2025/09/27-15:17:41.907830 32b0           Options.merge_operator: None
2025/09/27-15:17:41.907834 32b0        Options.compaction_filter: None
2025/09/27-15:17:41.907839 32b0        Options.compaction_filter_factory: None
2025/09/27-15:17:41.907843 32b0  Options.sst_partitioner_factory: None
2025/09/27-15:17:41.907848 32b0         Options.memtable_factory: SkipListFactory
2025/09/27-15:17:41.907853 32b0            Options.table_factory: BlockBasedTable
2025/09/27-15:17:41.907889 32b0            table_factory options:   flush_block_policy_factory: FlushBlockBySizePolicyFactory (00000134278BB4C0)
  cache_index_and_filter_blocks: 0
  cache_index_and_filter_blocks_with_high_priority: 1
  pin_l0_filter_and_index_blocks_in_cache: 0
  pin_top_level_index_and_filter: 1
  index_type: 0
  data_block_index_type: 0
  index_shortening: 1
  data_block_hash_table_util_ratio: 0.750000
  checksum: 4
  no_block_cache: 0
  block_cache: 00000134274980C0
  block_cache_name: LRUCache
  block_cache_options:
    capacity : 33554432
    num_shard_bits : 6
    strict_capacity_limit : 0
    memory_allocator : None
    high_pri_pool_ratio: 0.500
    low_pri_pool_ratio: 0.000
  persistent_cache: 0000000000000000
  block_size: 4096
  block_size_deviation: 10
  block_restart_interval: 16
  index_block_restart_interval: 1
  metadata_block_size: 4096
  partition_filters: 0
  use_delta_encoding: 1
  filter_policy: nullptr
  whole_key_filtering: 1
  verify_compression: 0
  read_amp_bytes_per_bit: 0
  format_version: 6
  enable_index_compression: 1
  block_align: 0
  max_auto_readahead_size: 262144
  prepopulate_block_cache: 0
  initial_auto_readahead_size: 8192
  num_file_reads_for_auto_readahead: 2
2025/09/27-15:17:41.907897 32b0        Options.write_buffer_size: 67108864
2025/09/27-15:17:41.907903 32b0  Options.max_write_buffer_number: 2
2025/09/27-15:17:41.907908 32b0          Options.compression: Snappy
2025/09/27-15:17:41.907912 32b0                  Options.bottommost_compression: Disabled
2025/09/27-15:17:41.907917 32b0       Options.prefix_extractor: nullptr
2025/09/27-15:17:41.907922 32b0   Options.memtable_insert_with_hint_prefix_extractor: nullptr
2025/09/27-15:17:41.907926 32b0             Options.num_levels: 7
2025/09/27-15:17:41.907931 32b0        Options.min_write_buffer_number_to_merge: 1
2025/09/27-15:17:41.907935 32b0     Options.max_write_buffer_number_to_maintain: 0
2025/09/27-15:17:41.907940 32b0     Options.max_write_buffer_size_to_maintain: 0
2025/09/27-15:17:41.907945 32b0            Options.bottommost_compression_opts.window_bits: -14
2025/09/27-15:17:41.907949 32b0                  Options.bottommost_compression_opts.level: 32767
2025/09/27-15:17:41.907954 32b0               Options.bottommost_compression_opts.strategy: 0
2025/09/27-15:17:41.907958 32b0         Options.bottommost_compression_opts.max_dict_bytes: 0
2025/09/27-15:17:41.907962 32b0         Options.bottommost_compression_opts.zstd_max_train_bytes: 0
2025/09/27-15:17:41.907967 32b0         Options.bottommost_compression_opts.parallel_threads: 1
2025/09/27-15:17:41.907971 32b0                  Options.bottommost_compression_opts.enabled: false
2025/09/27-15:17:41.907976 32b0         Options.bottommost_compression_opts.max_dict_buffer_bytes: 0
2025/09/27-15:17:41.907980 32b0         Options.bottommost_compression_opts.use_zstd_dict_trainer: true
2025/09/27-15:17:41.907985 32b0            Options.compression_opts.window_bits: -14
2025/09/27-15:17:41.907989 32b0                  Options.compression_opts.level: 32767
2025/09/27-15:17:41.907994 32b0               Options.compression_opts.strategy: 0
2025/09/27-15:17:41.907998 32b0         Options.compression_opts.max_dict_bytes: 0
2025/09/27-15:17:41.908002 32b0         Options.compression_opts.zstd_max_train_bytes: 0
2025/09/27-15:17:41.908007 32b0         Options.compression_opts.use_zstd_dict_trainer: true
2025/09/27-15:17:41.908011 32b0         Options.compression_opts.parallel_threads: 1
2025/09/27-15:17:41.908016 32b0                  Options.compression_opts.enabled: false
2025/09/27-15:17:41.908020 32b0         Options.compression_opts.max_dict_buffer_bytes: 0
2025/09/27-15:17:41.908026 32b0      Options.level0_file_num_compaction_trigger: 4
2025/09/27-15:17:41.908030 32b0          Options.level0_slowdown_writes_trigger: 20
2025/09/27-15:17:41.908034 32b0              Options.level0_stop_writes_trigger: 36
2025/09/27-15:17:41.908039 32b0                   Options.target_file_size_base: 67108864
2025/09/27-15:17:41.908043 32b0             Options.target_file_size_multiplier: 1
2025/09/27-15:17:41.908047 32b0                Options.max_bytes_for_level_base: 268435456
2025/09/27-15:17:41.908052 32b0 Options.level_compaction_dynamic_level_bytes: 1
2025/09/27-15:17:41.908056 32b0          Options.max_bytes_for_level_multiplier: 10.000000
2025/09/27-15:17:41.908062 32b0 Options.max_bytes_for_level_multiplier_addtl[0]: 1
2025/09/27-15:17:41.908066 32b0 Options.max_bytes_for_level_multiplier_addtl[1]: 1
2025/09/27-15:17:41.908071 32b0 Options.max_bytes_for_level_multiplier_addtl[2]: 1
2025/09/27-15:17:41.908075 32b0 Options.max_bytes_for_level_multiplier_addtl[3]: 1
2025/09/27-15:17:41.908080 32b0 Options.max_bytes_for_level_multiplier_addtl[4]: 1
2025/09/27-15:17:41.908084 32b0 Options.max_bytes_for_level_multiplier_addtl[5]: 1
2025/09/27-15:17:41.908088 32b0 Options.max_bytes_for_level_multiplier_addtl[6]: 1
2025/09/27-15:17:41.908093 32b0       Options.max_sequential_skip_in_iterations: 8
2025/09/27-15:17:41.908097 32b0                    Options.max_compaction_bytes: 1677721600
2025/09/27-15:17:41.908103 32b0                        Options.arena_block_size: 1048576
2025/09/27-15:17:41.908110 32b0   Options.soft_pending_compaction_bytes_limit: 68719476736
2025/09/27-15:17:41.908115 32b0   Options.hard_pending_compaction_bytes_limit: 274877906944
2025/09/27-15:17:41.908120 32b0                Options.disable_auto_compactions: 0
2025/09/27-15:17:41.908124 32b0                        Options.compaction_style: kCompactionStyleLevel
2025/09/27-15:17:41.908130 32b0                          Options.compaction_pri: kMinOverlappingRatio
2025/09/27-15:17:41.908134 32b0 Options.compaction_options_universal.size_ratio: 1
2025/09/27-15:17:41.908139 32b0 Options.compaction_options_universal.min_merge_width: 2
2025/09/27-15:17:41.908144 32b0 Options.compaction_options_universal.max_merge_width: 4294967295
2025/09/27-15:17:41.908148 32b0 Options.compaction_options_universal.max_size_amplification_percent: 200
2025/09/27-15:17:41.908153 32b0 Options.compaction_options_universal.compression_size_percent: -1
2025/09/27-15:17:41.908157 32b0 Options.compaction_options_universal.stop_style: kCompactionStopStyleTotalSize
2025/09/27-15:17:41.908162 32b0 Options.compaction_options_universal.max_read_amp: -1
2025/09/27-15:17:41.908166 32b0 Options.compaction_options_fifo.max_table_files_size: 1073741824
2025/09/27-15:17:41.908171 32b0 Options.compaction_options_fifo.allow_compaction: 0
2025/09/27-15:17:41.908177 32b0                   Options.table_properties_collectors: 
2025/09/27-15:17:41.908181 32b0                   Options.inplace_update_support: 0
2025/09/27-15:17:41.908185 32b0                 Options.inplace_update_num_locks: 10000
2025/09/27-15:17:41.908190 32b0               Options.memtable_prefix_bloom_size_ratio: 0.000000
2025/09/27-15:17:41.908195 32b0               Options.memtable_whole_key_filtering: 0
2025/09/27-15:17:41.908200 32b0   Options.memtable_huge_page_size: 0
2025/09/27-15:17:41.908204 32b0                           Options.bloom_locality: 0
2025/09/27-15:17:41.908209 32b0                    Options.max_successive_merges: 0
2025/09/27-15:17:41.908214 32b0             Options.strict_max_successive_merges: 0
2025/09/27-15:17:41.908219 32b0                Options.optimize_filters_for_hits: 0
2025/09/27-15:17:41.908223 32b0                Options.paranoid_file_checks: 0
2025/09/27-15:17:41.908228 32b0                Options.force_consistency_checks: 1
2025/09/27-15:17:41.908232 32b0                Options.report_bg_io_stats: 0
2025/09/27-15:17:41.908237 32b0                               Options.ttl: 2592000
2025/09/27-15:17:41.908241 32b0          Options.periodic_compaction_seconds: 0
2025/09/27-15:17:41.908245 32b0                        Options.default_temperature: kUnknown
2025/09/27-15:17:41.908250 32b0  Options.preclude_last_level_data_seconds: 0
2025/09/27-15:17:41.908254 32b0    Options.preserve_internal_time_seconds: 0
2025/09/27-15:17:41.908259 32b0                       Options.enable_blob_files: false
2025/09/27-15:17:41.908263 32b0                           Options.min_blob_size: 0
2025/09/27-15:17:41.908267 32b0                          Options.blob_file_size: 268435456
2025/09/27-15:17:41.908272 32b0                   Options.blob_compression_type: NoCompression
2025/09/27-15:17:41.908276 32b0          Options.enable_blob_garbage_collection: false
2025/09/27-15:17:41.908281 32b0      Options.blob_garbage_collection_age_cutoff: 0.250000
2025/09/27-15:17:41.908286 32b0 Options.blob_garbage_collection_force_threshold: 1.000000
2025/09/27-15:17:41.908290 32b0          Options.blob_compaction_readahead_size: 0
2025/09/27-15:17:41.908295 32b0                Options.blob_file_starting_level: 0
2025/09/27-15:17:41.908300 32b0         Options.experimental_mempurge_threshold: 0.000000
2025/09/27-15:17:41.908305 32b0            Options.memtable_max_range_deletions: 0
2025/09/27-15:17:41.908408 32b0 [db\column_family.cc:629] --------------- Options for column family [heights]:
2025/09/27-15:17:41.908415 32b0               Options.comparator: leveldb.BytewiseComparator
2025/09/27-15:17:41.908422 32b0           Options.merge_operator: None
2025/09/27-15:17:41.908427 32b0        Options.compaction_filter: None
2025/09/27-15:17:41.908431 32b0        Options.compaction_filter_factory: None
2025/09/27-15:17:41.908436 32b0  Options.sst_partitioner_factory: None
2025/09/27-15:17:41.908440 32b0         Options.memtable_factory: SkipListFactory
2025/09/27-15:17:41.908444 32b0            Options.table_factory: BlockBasedTable
2025/09/27-15:17:41.908477 32b0            table_factory options:   flush_block_policy_factory: FlushBlockBySizePolicyFactory (00000134278BBD30)
  cache_index_and_filter_blocks: 0
  cache_index_and_filter_blocks_with_high_priority: 1
  pin_l0_filter_and_index_blocks_in_cache: 0
  pin_top_level_index_and_filter: 1
  index_type: 0
  data_block_index_type: 0
  index_shortening: 1
  data_block_hash_table_util_ratio: 0.750000
  checksum: 4
  no_block_cache: 0
  block_cache: 0000013427497FD0
  block_cache_name: LRUCache
  block_cache_options:
    capacity : 33554432
    num_shard_bits : 6
    strict_capacity_limit : 0
    memory_allocator : None
    high_pri_pool_ratio: 0.500
    low_pri_pool_ratio: 0.000
  persistent_cache: 0000000000000000
  block_size: 4096
  block_size_deviation: 10
  block_restart_interval: 16
  index_block_restart_interval: 1
  metadata_block_size: 4096
  partition_filters: 0
  use_delta_encoding: 1
  filter_policy: nullptr
  whole_key_filtering: 1
  verify_compression: 0
  read_amp_bytes_per_bit: 0
  format_version: 6
  enable_index_compression: 1
  block_align: 0
  max_auto_readahead_size: 262144
  prepopulate_block_cache: 0
  initial_auto_readahead_size: 8192
  num_file_reads_for_auto_readahead: 2
2025/09/27-15:17:41.908483 32b0        Options.write_buffer_size: 67108864
2025/09/27-15:17:41.908487 32b0  Options.max_write_buffer_number: 2
2025/09/27-15:17:41.908492 32b0          Options.compression: Snappy
2025/09/27-15:17:41.908496 32b0                  Options.bottommost_compression: Disabled
2025/09/27-15:17:41.908500 32b0       Options.prefix_extractor: nullptr
2025/09/27-15:17:41.908505 32b0   Options.memtable_insert_with_hint_prefix_extractor: nullptr
2025/09/27-15:17:41.908509 32b0             Options.num_levels: 7
2025/09/27-15:17:41.908513 32b0        Options.min_write_buffer_number_to_merge: 1
2025/09/27-15:17:41.908518 32b0     Options.max_write_buffer_number_to_maintain: 0
2025/09/27-15:17:41.908522 32b0     Options.max_write_buffer_size_to_maintain: 0
2025/09/27-15:17:41.908527 32b0            Options.bottommost_compression_opts.window_bits: -14
2025/09/27-15:17:41.908531 32b0                  Options.bottommost_compression_opts.level: 32767
2025/09/27-15:17:41.908536 32b0               Options.bottommost_compression_opts.strategy: 0
2025/09/27-15:17:41.908540 32b0         Options.bottommost_compression_opts.max_dict_bytes: 0
2025/09/27-15:17:41.908544 32b0         Options.bottommost_compression_opts.zstd_max_train_bytes: 0
2025/09/27-15:17:41.908549 32b0         Options.bottommost_compression_opts.parallel_threads: 1
2025/09/27-15:17:41.908553 32b0                  Options.bottommost_compression_opts.enabled: false
2025/09/27-15:17:41.908558 32b0         Options.bottommost_compression_opts.max_dict_buffer_bytes: 0
2025/09/27-15:17:41.908563 32b0         Options.bottommost_compression_opts.use_zstd_dict_trainer: true
2025/09/27-15:17:41.908567 32b0            Options.compression_opts.window_bits: -14
2025/09/27-15:17:41.908572 32b0                  Options.compression_opts.level: 32767
2025/09/27-15:17:41.908577 32b0               Options.compression_opts.strategy: 0
2025/09/27-15:17:41.908581 32b0         Options.compression_opts.max_dict_bytes: 0
2025/09/27-15:17:41.908585 32b0         Options.compression_opts.zstd_max_train_bytes: 0
2025/09/27-15:17:41.908590 32b0         Options.compression_opts.use_zstd_dict_trainer: true
2025/09/27-15:17:41.908594 32b0         Options.compression_opts.parallel_threads: 1
2025/09/27-15:17:41.908599 32b0                  Options.compression_opts.enabled: false
2025/09/27-15:17:41.908603 32b0         Options.compression_opts.max_dict_buffer_bytes: 0
2025/09/27-15:17:41.908646 32b0      Options.level0_file_num_compaction_trigger: 4
2025/09/27-15:17:41.908652 32b0          Options.level0_slowdown_writes_trigger: 20
2025/09/27-15:17:41.908658 32b0              Options.level0_stop_writes_trigger: 36
2025/09/27-15:17:41.908662 32b0                   Options.target_file_size_base: 67108864
2025/09/27-15:17:41.908667 32b0             Options.target_file_size_multiplier: 1
2025/09/27-15:17:41.908671 32b0                Options.max_bytes_for_level_base: 268435456
2025/09/27-15:17:41.908675 32b0 Options.level_compaction_dynamic_level_bytes: 1
2025/09/27-15:17:41.908680 32b0          Options.max_bytes_for_level_multiplier: 10.000000
2025/09/27-15:17:41.908685 32b0 Options.max_bytes_for_level_multiplier_addtl[0]: 1
2025/09/27-15:17:41.908689 32b0 Options.max_bytes_for_level_multiplier_addtl[1]: 1
2025/09/27-15:17:41.908694 32b0 Options.max_bytes_for_level_multiplier_addtl[2]: 1
2025/09/27-15:17:41.908698 32b0 Options.max_bytes_for_level_multiplier_addtl[3]: 1
2025/09/27-15:17:41.908703 32b0 Options.max_bytes_for_level_multiplier_addtl[4]: 1
2025/09/27-15:17:41.908707 32b0 Options.max_bytes_for_level_multiplier_addtl[5]: 1
2025/09/27-15:17:41.908711 32b0 Options.max_bytes_for_level_multiplier_addtl[6]: 1
2025/09/27-15:17:41.908716 32b0       Options.max_sequential_skip_in_iterations: 8
2025/09/27-15:17:41.908720 32b0                    Options.max_compaction_bytes: 1677721600
2025/09/27-15:17:41.908725 32b0                        Options.arena_block_size: 1048576
2025/09/27-15:17:41.908729 32b0   Options.soft_pending_compaction_bytes_limit: 68719476736
2025/09/27-15:17:41.908733 32b0   Options.hard_pending_compaction_bytes_limit: 274877906944
2025/09/27-15:17:41.908739 32b0                Options.disable_auto_compactions: 0
2025/09/27-15:17:41.908743 32b0                        Options.compaction_style: kCompactionStyleLevel
2025/09/27-15:17:41.908749 32b0                          Options.compaction_pri: kMinOverlappingRatio
2025/09/27-15:17:41.908754 32b0 Options.compaction_options_universal.size_ratio: 1
2025/09/27-15:17:41.908758 32b0 Options.compaction_options_universal.min_merge_width: 2
2025/09/27-15:17:41.908762 32b0 Options.compaction_options_universal.max_merge_width: 4294967295
2025/09/27-15:17:41.908767 32b0 Options.compaction_options_universal.max_size_amplification_percent: 200
2025/09/27-15:17:41.908771 32b0 Options.compaction_options_universal.compression_size_percent: -1
2025/09/27-15:17:41.908776 32b0 Options.compaction_options_universal.stop_style: kCompactionStopStyleTotalSize
2025/09/27-15:17:41.908780 32b0 Options.compaction_options_universal.max_read_amp: -1
2025/09/27-15:17:41.908785 32b0 Options.compaction_options_fifo.max_table_files_size: 1073741824
2025/09/27-15:17:41.908789 32b0 Options.compaction_options_fifo.allow_compaction: 0
2025/09/27-15:17:41.908794 32b0                   Options.table_properties_collectors: 
2025/09/27-15:17:41.908799 32b0                   Options.inplace_update_support: 0
2025/09/27-15:17:41.908803 32b0                 Options.inplace_update_num_locks: 10000
2025/09/27-15:17:41.908808 32b0               Options.memtable_prefix_bloom_size_ratio: 0.000000
2025/09/27-15:17:41.908812 32b0               Options.memtable_whole_key_filtering: 0
2025/09/27-15:17:41.908816 32b0   Options.memtable_huge_page_size: 0
2025/09/27-15:17:41.908821 32b0                           Options.bloom_locality: 0
2025/09/27-15:17:41.908825 32b0                    Options.max_successive_merges: 0
2025/09/27-15:17:41.908830 32b0             Options.strict_max_successive_merges: 0
2025/09/27-15:17:41.908835 32b0                Options.optimize_filters_for_hits: 0
2025/09/27-15:17:41.908839 32b0                Options.paranoid_file_checks: 0
2025/09/27-15:17:41.908844 32b0                Options.force_consistency_checks: 1
2025/09/27-15:17:41.908848 32b0                Options.report_bg_io_stats: 0
2025/09/27-15:17:41.908852 32b0                               Options.ttl: 2592000
2025/09/27-15:17:41.908859 32b0          Options.periodic_compaction_seconds: 0
2025/09/27-15:17:41.908864 32b0                        Options.default_temperature: kUnknown
2025/09/27-15:17:41.908869 32b0  Options.preclude_last_level_data_seconds: 0
2025/09/27-15:17:41.908873 32b0    Options.preserve_internal_time_seconds: 0
2025/09/27-15:17:41.908878 32b0                       Options.enable_blob_files: false
2025/09/27-15:17:41.908882 32b0                           Options.min_blob_size: 0
2025/09/27-15:17:41.908887 32b0                          Options.blob_file_size: 268435456
2025/09/27-15:17:41.908891 32b0                   Options.blob_compression_type: NoCompression
2025/09/27-15:17:41.908896 32b0          Options.enable_blob_garbage_collection: false
2025/09/27-15:17:41.908900 32b0      Options.blob_garbage_collection_age_cutoff: 0.250000
2025/09/27-15:17:41.908905 32b0 Options.blob_garbage_collection_force_threshold: 1.000000
2025/09/27-15:17:41.908910 32b0          Options.blob_compaction_readahead_size: 0
2025/09/27-15:17:41.908914 32b0                Options.blob_file_starting_level: 0
2025/09/27-15:17:41.908919 32b0         Options.experimental_mempurge_threshold: 0.000000
2025/09/27-15:17:41.908924 32b0            Options.memtable_max_range_deletions: 0
2025/09/27-15:17:41.908986 32b0 [db\column_family.cc:629] --------------- Options for column family [meta]:
2025/09/27-15:17:41.908992 32b0               Options.comparator: leveldb.BytewiseComparator
2025/09/27-15:17:41.908997 32b0           Options.merge_operator: None
2025/09/27-15:17:41.909002 32b0        Options.compaction_filter: None
2025/09/27-15:17:41.909006 32b0        Options.compaction_filter_factory: None
2025/09/27-15:17:41.909011 32b0  Options.sst_partitioner_factory: None
2025/09/27-15:17:41.909015 32b0         Options.memtable_factory: SkipListFactory
2025/09/27-15:17:41.909020 32b0            Options.table_factory: BlockBasedTable
2025/09/27-15:17:41.909053 32b0            table_factory options:   flush_block_policy_factory: FlushBlockBySizePolicyFactory (00000134278BBD00)
  cache_index_and_filter_blocks: 0
  cache_index_and_filter_blocks_with_high_priority: 1
  pin_l0_filter_and_index_blocks_in_cache: 0
  pin_top_level_index_and_filter: 1
  index_type: 0
  data_block_index_type: 0
  index_shortening: 1
  data_block_hash_table_util_ratio: 0.750000
  checksum: 4
  no_block_cache: 0
  block_cache: 0000013427498FC0
  block_cache_name: LRUCache
  block_cache_options:
    capacity : 33554432
    num_shard_bits : 6
    strict_capacity_limit : 0
    memory_allocator : None
    high_pri_pool_ratio: 0.500
    low_pri_pool_ratio: 0.000
  persistent_cache: 0000000000000000
  block_size: 4096
  block_size_deviation: 10
  block_restart_interval: 16
  index_block_restart_interval: 1
  metadata_block_size: 4096
  partition_filters: 0
  use_delta_encoding: 1
  filter_policy: nullptr
  whole_key_filtering: 1
  verify_compression: 0
  read_amp_bytes_per_bit: 0
  format_version: 6
  enable_index_compression: 1
  block_align: 0
  max_auto_readahead_size: 262144
  prepopulate_block_cache: 0
